0.008251953,0.9578613,-0.1407715,1.895905,-98.23151,19.80515,32952,43274
0.0123291,0.9717529,-0.1456299,1.885986,-98.91891,19.30847,32455,43434
0.01672363,0.9980957,-0.1536377,1.732635,-99.53766,18.77975,32359,43530
0.01557617,0.9902344,-0.1527344,1.960754,-99.85199,18.44788,31367,43578
0.01945801,0.982373,-0.1525635,1.945496,-99.71771,18.15414,33176,43274
0.02822266,1.000659,-0.1574707,1.673126,-99.08905,17.65518,32567,43098
0.02746582,0.9948486,-0.1572998,1.496124,-98.10867,17.67349,31943,43338
0.02675781,1.022974,-0.1629883,0.9140015,-96.68655,17.74445,30263,43002
0.03054199,1.022681,-0.160791,0.4356384,-94.80362,18.12973,31287,43450
0.03291016,1.016699,-0.1595703,-0.1296997,-92.59567,18.20297,32711,43338
0.03320313,1.008228,-0.1570313,-0.5447388,-90.43198,18.11981,31831,43882
0.02824707,0.9961182,-0.1536621,-0.9590149,-88.44528,18.12744,30855,42522
0.02331543,0.9829834,-0.1459229,-1.441193,-86.50742,18.45627,29367,43450
0.0229248,0.9937988,-0.1464111,-2.262878,-84.86938,18.81485,27526,42634
0.02155762,1.000513,-0.1439941,-2.898407,-83.6174,19.03763,26518,42970
0.01472168,0.9880615,-0.1386475,-3.188324,-82.91779,19.33441,28839,43594
0.01508789,0.9872559,-0.1365479,-3.421783,-82.65762,19.25735,27846,43530
0.01760254,0.9764648,-0.1318604,-3.392029,-82.64618,19.04831,27878,43322
0.01845703,0.975708,-0.1300537,-3.246307,-82.67212,18.61343,28855,43658
0.02314453,0.9812256,-0.1287842,-3.081512,-82.63397,18.18771,26902,43626
0.03137207,0.9732422,-0.124292,-2.86026,-82.20444,17.55905,27318,43050
0.0392334,0.9781006,-0.1199707,-2.456665,-81.32706,16.71524,25158,42890
0.03781738,0.9786133,-0.1204834,-1.954651,-80.42755,15.82947,25574,43594
0.0373291,0.9842773,-0.1214111,-1.623535,-79.78973,15.07721,25030,43354
0.03798828,0.9893311,-0.122876,-1.206207,-79.34418,14.40582,24565,43290
0.03837891,0.9831787,-0.1208008,-0.9002686,-78.70483,13.71689,23941,43450
0.04262695,0.985498,-0.1199951,-0.5882263,-77.8511,13.10425,24533,43674
0.04135742,0.9899658,-0.1191162,-0.2815247,-76.95999,12.72049,25830,43290
0.03811035,0.9817871,-0.1162842,0.2197266,-76.44119,12.20398,25766,43482
0.0380127,0.9812256,-0.1173584,0.8056641,-76.36795,11.24573,25606,43306
0.04321289,0.985498,-0.1191406,1.598358,-76.3855,10.14099,25990,42730
0.04025879,0.9831055,-0.1187256,2.339172,-76.20544,9.15451,27238,43850
0.03798828,0.9764404,-0.1185059,2.844238,-76.11313,8.3992,27558,42570
0.04538574,0.9729492,-0.1172119,3.265381,-75.17319,7.705688,26134,43450
0.04729004,0.9732422,-0.1174316,3.528595,-73.24066,7.061005,26182,42730
0.05102539,0.9845459,-0.1225098,3.691864,-70.84351,6.627655,26262,43946
0.04853516,0.9864014,-0.123877,3.580475,-68.15186,6.547546,26310,43450
0.04133301,0.9885498,-0.1269531,3.186035,-65.32745,6.60553,26198,43434
0.03461914,0.9993164,-0.1332275,2.339935,-62.91122,7.273102,24005,42586
0.02451172,1.002954,-0.1373535,1.068115,-60.77805,8.853149,25670,43530
0.0142334,1.000342,-0.1390137,-0.4150391,-59.09119,10.92606,24726,43658
0.0119873,0.9921387,-0.1439209,-1.895142,-57.94144,12.76703,24149,43530
0.01796875,0.9953613,-0.1410156,-3.053284,-56.57272,14.23264,22213,43530
0.0157959,0.9984619,-0.1402588,-3.866577,-55.78613,15.17868,21221,43946
0.0121582,0.9935303,-0.1392334,-4.433441,-56.07452,16.01486,18308,43674
0.007714844,0.9865723,-0.1344971,-4.860687,-57.32193,16.52679,20148,43546
0.0078125,0.9868896,-0.1327881,-4.862213,-59.06296,16.7717,17876,43242
0.0203125,0.9782227,-0.1290527,-4.619598,-60.64224,16.54968,18676,43994
0.03481445,0.9781494,-0.1255615,-4.202271,-61.00693,15.82031,17940,43706
0.04580078,0.9802734,-0.1220947,-3.716278,-60.37369,14.82925,19764,43530
0.04611816,0.9886475,-0.1223145,-3.446198,-59.17664,13.94272,21029,42826
0.04865723,0.9962646,-0.1186768,-3.411865,-57.37534,13.65433,19012,43338
0.05354004,1.003125,-0.1234131,-3.715515,-54.95758,13.51624,18628,42970
0.05795898,1.000269,-0.1211182,-4.167175,-51.90964,13.35449,15363,43098
0.06420898,0.9952637,-0.1137695,-4.273224,-48.89908,12.36115,19412,42954
0.07026367,0.9933838,-0.1083252,-3.916931,-45.31555,11.2999,20308,43722
0.06635742,0.9964844,-0.1093994,-3.81012,-41.68015,10.20279,20693,43578
0.0611084,1.006177,-0.112793,-3.966522,-38.32779,9.662628,21797,43082
0.04943848,1.002783,-0.1153076,-4.441833,-35.8345,9.618378,21573,43290
0.04008789,0.9983887,-0.1118652,-4.918671,-34.37653,9.681702,19044,42682
0.04001465,0.9835449,-0.1040527,-4.707336,-33.93555,9.214783,18948,43498
0.03862305,0.9846436,-0.09958496,-3.942108,-34.32312,7.978058,18244,43610
0.03564453,0.9722168,-0.09355469,-2.758789,-35.45151,6.707764,19748,43914
0.03354492,0.9702637,-0.09375,-1.690674,-36.80191,5.672455,18484,43834
0.02597656,0.9742188,-0.09914551,-1.100922,-37.81128,5.567169,18132,43866
0.02597656,0.9806152,-0.1027832,-1.173401,-39.06097,5.783081,18628,43146
0.03369141,0.9782471,-0.1005615,-1.115417,-40.242,5.976105,18836,43498
0.04685059,0.9747559,-0.09584961,-0.7720947,-41.07895,5.665588,20885,42954
0.04899902,0.9782959,-0.0942627,-0.03509521,-41.74728,4.927826,21397,43754
0.05234375,0.9785645,-0.09719238,0.8354187,-42.35306,4.096985,21861,43434
0.05410156,0.9908691,-0.1025879,1.184845,-42.6918,3.510284,22085,42602
0.05354004,0.9914307,-0.1081055,1.126862,-42.84744,3.347015,22613,43962
0.04907227,1.000098,-0.1103516,0.806427,-43.03284,3.338623,25366,43274
0.05031738,1.002612,-0.1101807,0.7087708,-43.38455,3.494263,25574,42778
0.05666504,1.000757,-0.1102051,0.6225586,-43.18466,3.777313,23845,43562
0.05412598,0.9996338,-0.1134033,0.4684448,-42.34543,4.013824,23909,43802
0.046875,0.9997314,-0.1150635,0.03204346,-41.47568,4.418945,23957,42954
0.03400879,1.001831,-0.1158936,-0.5180359,-40.87677,5.270386,25014,43450
0.03835449,1.001074,-0.1142822,-1.098633,-40.04517,6.355286,24453,43722
0.0361084,1.001294,-0.1157959,-1.911926,-38.98087,7.25174,19844,43898
0.03583984,1.000903,-0.1125,-2.43988,-38.05084,7.809448,20260,43658
0.04052734,0.9969238,-0.1085205,-2.711487,-36.98349,8.113098,23125,43226
0.04182129,0.994873,-0.107959,-2.838135,-35.84595,8.150482,24389,44154
0.03928223,0.9936279,-0.1067871,-2.980804,-34.72748,8.088684,24453,43946
0.03686523,0.9958008,-0.1066406,-2.964783,-34.05533,7.810974,23653,43706
0.0362793,0.9956299,-0.1052246,-2.770233,-33.99734,7.359314,23173,43722
0.03918457,0.9962891,-0.1022461,-2.383423,-33.71429,6.88858,22853,43546
0.03796387,0.9878418,-0.1018799,-1.89743,-33.56323,6.147766,22533,43322
0.03344727,0.9869873,-0.1010986,-1.287079,-33.92792,5.28183,17684,42874
0.03857422,0.987793,-0.09863281,-0.617981,-34.24835,4.341888,16804,42826
0.0371582,0.9843994,-0.09963379,-0.03738403,-34.27811,3.682709,16916,43114
0.03688965,0.9922607,-0.1039795,0.3929138,-34.20944,3.061676,19764,42602
0.03518066,0.9938721,-0.09963379,1.229095,-35.03189,2.176666,20965,44186
0.04162598,0.9969727,-0.1014893,2.112579,-35.6575,1.07193,15379,43530
0.04328613,0.9993652,-0.1039307,2.553558,-35.98557,-0.06408691,16163,43322
0.04443359,0.998999,-0.1049805,2.998352,-35.46066,-1.114655,18916,43498
0.04785156,0.9990234,-0.1080566,3.238678,-34.42993,-2.127075,18756,42714
0.05039063,1.005322,-0.1097656,3.311157,-32.80334,-2.90451,20132,43658
0.0510498,1.00498,-0.1118164,3.136444,-30.37338,-3.438568,21605,43498
0.04626465,1.006372,-0.1127441,3.033447,-27.49329,-3.385925,21573,43354
0.04353027,1.008301,-0.1159668,2.649689,-24.20883,-2.926636,21557,43866
0.03991699,1.00415,-0.1153809,2.072144,-20.69244,-2.092743,20020,43242
0.0432373,1.003833,-0.1202637,0.9162903,-16.15982,-1.014709,20148,42618
0.03674316,1.000586,-0.1186768,-0.177002,-11.86142,-0.1205444,19268,43274
0.03276367,0.9983643,-0.116626,-0.9269714,-8.068085,0.567627,20148,43290
0.0284668,0.9951172,-0.114502,-1.538086,-4.980469,1.29776,20917,43338
0.02272949,0.9926025,-0.1124512,-1.900482,-2.528381,2.124023,21157,43418
0.0184082,0.9922363,-0.1131592,-2.120972,-0.3723145,2.909088,19540,43530
0.01706543,0.9944336,-0.1146729,-2.42157,0.9605408,3.540802,18276,43402
0.01630859,0.9937744,-0.1146973,-2.753448,1.696014,3.612518,18468,43146
0.01652832,0.9915039,-0.1121826,-2.832794,1.961517,3.24707,19108,43482
0.01611328,0.9895996,-0.1097168,-2.629852,1.840973,2.629089,18916,43722
0.01472168,0.9893799,-0.1096436,-2.297211,1.665497,2.037811,19092,43274
0.0123291,0.9902588,-0.1106689,-2.093506,1.490784,1.730347,18580,43738
0.01391602,0.989624,-0.10979,-1.839447,1.539612,1.625061,19028,43690
0.01652832,0.9896484,-0.1102051,-1.64566,1.551819,1.354218,18964,43578
0.01938477,0.990918,-0.1109375,-1.49231,1.5625,0.6759644,20052,43882
0.02023926,0.9908203,-0.1106445,-1.384735,1.241302,-0.2944946,21029,43450
0.01982422,0.9892578,-0.1100586,-1.187134,1.12915,-1.241302,21429,42474
0.01791992,0.9883057,-0.109375,-0.8712769,1.156616,-1.831818,21269,43834
0.01740723,0.9888428,-0.1114746,-0.6278992,1.261139,-2.231598,22053,42954
0.01669922,0.9896729,-0.1118896,-0.5149841,1.459503,-2.584076,21701,42970
0.0173584,0.9890137,-0.1107422,-0.3608704,1.692963,-3.022003,20917,43674
0.01777344,0.9890137,-0.1107666,-0.1823425,1.988983,-3.496552,22101,43738
0.01650391,0.9901123,-0.1125732,-0.1167297,2.455902,-3.904724,23093,43226
0.01374512,0.9913574,-0.1135498,-0.1747131,3.166962,-4.06723,23429,43594
0.01252441,0.99104,-0.1139893,-0.3234863,3.978729,-3.894806,25014,43578
0.01452637,0.9916748,-0.1148193,-0.5134583,5.49469,-3.474426,25350,43258
0.01623535,0.9935547,-0.1165283,-0.9765625,7.43103,-2.957916,25782,43242
0.01816406,0.9939209,-0.1170898,-1.478577,9.927368,-2.398682,27094,43162
0.01916504,0.9940918,-0.1160645,-1.999664,12.77847,-1.712799,26422,43562
0.02053223,0.9925049,-0.1157471,-2.455902,15.7547,-1.190948,27014,42698
0.02216797,0.9932373,-0.1149658,-2.848053,18.90869,-0.4974365,25942,43018
0.02324219,0.9954834,-0.1177734,-3.323364,21.8338,-0.1823425,25206,43594
0.02912598,0.9931152,-0.1148193,-3.672791,24.82758,-0.07019043,26550,43546
0.0307373,0.9925537,-0.1139404,-3.812408,27.90146,-0.1663208,26918,43530
0.03049316,0.9928955,-0.1149658,-3.948975,30.8075,-0.4722595,26806,43450
0.02946777,0.9936523,-0.1154541,-4.09317,33.36411,-0.8178711,28534,44218
0.03083496,0.994458,-0.1156494,-4.049683,35.87265,-1.208496,28662,42730
0.0364502,0.9939453,-0.1160889,-4.087067,38.47885,-1.6922,29703,43466
0.04143066,0.9911621,-0.1162598,-4.206848,41.37115,-2.359772,29879,43498
0.05224609,0.9958252,-0.1185303,-4.332733,44.91348,-2.986908,29975,43274
0.05466309,0.9972168,-0.12146,-4.568481,48.26279,-3.904724,31159,44138
0.05715332,0.9897705,-0.119043,-4.55246,52.22702,-4.525757,31303,43594
0.05576172,0.9865723,-0.1210205,-4.411316,56.1264,-5.25589,31543,43738
0.06022949,0.994043,-0.1216553,-4.478455,59.99222,-6.19812,32872,43674
0.06191406,0.9889404,-0.1215332,-4.323578,63.86795,-7.029724,33000,43882
0.06218262,0.9859375,-0.1202148,-4.199219,67.48199,-7.928467,32936,43546
0.06184082,0.9809814,-0.1176514,-4.016876,70.82825,-8.843231,34408,42970
0.05942383,0.9821533,-0.1196777,-3.631592,73.67783,-9.976196,34568,42570
0.05786133,0.9853027,-0.1228271,-3.189087,76.05362,-11.13892,35368,43386
0.05004883,0.9781738,-0.1246582,-2.65274,77.8923,-12.30164,35208,43978
0.04685059,0.979126,-0.1266357,-2.111816,79.86984,-13.42468,34760,43242
0.04365234,0.9781982,-0.1265869,-1.531219,81.27136,-14.53247,35864,43178
0.03999023,0.9787354,-0.1285156,-1.105499,82.48291,-15.51819,35112,43530
0.03632813,0.9693848,-0.132251,-0.4966736,83.41827,-16.29791,35528,43146
0.03601074,0.9747559,-0.1377197,-0.06713867,84.3605,-17.2821,34872,43882
0.03725586,0.9729248,-0.1404053,0.3623962,85.47668,-18.19839,35848,42714
0.03830566,0.9895508,-0.1491211,0.5767822,87.04224,-19.29703,35368,43530
0.04050293,0.9791748,-0.147876,0.8796692,89.2067,-20.02411,36536,43210
0.03813477,0.9910156,-0.1459961,1.012421,91.72058,-21.01288,35784,43562
0.03342285,1.002881,-0.1440918,1.039886,94.24591,-21.94214,36120,43434
0.02995605,0.9870117,-0.1438232,0.6767273,96.51794,-22.93091,35896,43162
0.02346191,1.004224,-0.1499512,-0.0007629395,98.96851,-23.42987,35880,43178
0.01921387,0.9942627,-0.1473877,-0.7713318,101.3237,-23.59009,36937,43786
0.0142334,1.021387,-0.1585938,-1.914978,103.7491,-23.53668,35912,42906
0.01008301,1.0375,-0.1636963,-2.989197,106.2744,-23.29788,36889,43306
0.005419922,1.028955,-0.1636719,-3.918457,108.6464,-23.06366,36504,43146
-0.00222168,0.9982178,-0.1569824,-4.359436,110.4141,-22.48611,37833,43178
-0.006616211,0.987207,-0.1563965,-5.113983,111.4243,-22.23892,37913,43946
-0.008520508,0.9883545,-0.164624,-5.869293,112.0689,-21.74377,38153,43370
-0.01181641,0.974292,-0.1669922,-6.486511,112.352,-21.09375,38681,43722
-0.01872559,0.9911377,-0.1694336,-6.890869,112.3406,-20.14084,37641,43370
-0.01804199,0.9776367,-0.1671387,-7.280731,111.9308,-19.55948,39561,42394
-0.01323242,0.9859131,-0.1700684,-7.363129,111.6905,-19.30389,39385,43722
-0.006079102,0.9550537,-0.1532715,-6.550598,111.7065,-19.53659,38985,43658
-0.007641602,0.9691895,-0.1543457,-6.349182,111.5829,-20.54977,33816,43482
-0.01477051,1.013794,-0.1681396,-6.247711,111.1664,-21.78192,32199,42810
-0.01477051,1.022119,-0.1598633,-6.118774,110.3966,-23.16895,31239,43354
-0.02233887,1.014111,-0.1687256,-6.030273,108.8341,-24.45679,27910,42666
-0.03596191,1.009033,-0.1675293,-6.038666,106.4888,-25.37994,26950,43658
-0.04055176,1.007617,-0.1643311,-6.16684,103.5446,-26.11923,25942,43242
-0.03049316,0.9949463,-0.157666,-6.237793,101.2253,-26.65634,27414,43226
-0.03481445,0.9892822,-0.1610107,-6.274414,98.90594,-26.88751,24998,43274
-0.04238281,0.9965332,-0.1574219,-6.430817,96.51184,-26.65329,25494,43082
-0.05246582,1.005518,-0.1636475,-7.324982,94.02466,-25.9079,25350,42906
-0.05012207,0.9756348,-0.1553467,-7.540131,91.94794,-24.39575,26262,43274
-0.04460449,0.9430908,-0.1424561,-7.822418,90.31448,-22.63718,26646,42922
-0.0501709,0.9591064,-0.1565918,-8.353424,88.92288,-20.70847,26614,44186
-0.05859375,0.9862061,-0.1532227,-8.80127,87.92572,-18.73856,27734,43498
-0.05114746,0.9734863,-0.1502441,-8.738708,87.04758,-16.96167,28759,42778
-0.04431152,0.9843262,-0.1544922,-8.770752,86.75766,-15.68451,29623,42554
-0.04592285,0.9828857,-0.1539063,-8.572388,86.31516,-14.79416,28294,43706
-0.04387207,0.9963623,-0.1518799,-8.413696,86.03439,-14.39514,25158,43194
-0.05024414,1.000317,-0.158667,-8.370209,85.60486,-14.18304,24806,43354
-0.05129395,0.9881592,-0.1566162,-8.124542,84.35745,-13.94501,23797,42586
-0.0572998,0.988916,-0.159375,-8.03299,82.44476,-13.66653,24854,43290
-0.0581543,0.9905518,-0.1601318,-7.857513,80.30014,-13.4758,25926,43962
-0.0510498,0.9729248,-0.1515625,-7.727051,78.28598,-13.5582,24565,42906
-0.04213867,0.9761475,-0.1463379,-7.502747,76.474,-13.80081,23797,42650
-0.04221191,0.9770996,-0.1454834,-7.52182,74.97482,-14.077,24277,43434
-0.046875,0.9710205,-0.1427979,-7.507324,73.23761,-14.20822,25446,43194
-0.05224609,0.985083,-0.1459961,-7.606506,71.37375,-14.47144,25798,43530
-0.05012207,0.9726807,-0.1466309,-7.683563,69.49463,-14.46152,26326,43434
-0.03879395,0.955835,-0.1404297,-7.676697,67.84897,-14.34631,26118,43322
-0.04128418,0.9783203,-0.1483154,-7.762909,66.69769,-14.1861,26022,43498
-0.03498535,0.9834961,-0.1458008,-7.776642,65.95001,-13.99994,26278,43498
-0.03496094,0.9738037,-0.1418701,-7.750702,65.48157,-13.79166,25686,43850
-0.04428711,0.964624,-0.1425537,-7.63855,65.00092,-13.48953,25558,43050
-0.05178223,0.9702881,-0.1473633,-7.86438,64.60114,-12.79297,25526,42746
-0.05446777,0.9688965,-0.1451172,-7.527161,64.42871,-11.90796,26070,43402
-0.05244141,0.986499,-0.150293,-7.250214,64.76212,-10.81085,26038,43722
-0.05007324,0.9903076,-0.1522461,-6.967163,65.30151,-9.425354,25878,43882
-0.05083008,1.000903,-0.1498047,-6.573486,66.12778,-8.106995,24405,42842
-0.05175781,1.012646,-0.1528809,-6.344604,66.86707,-6.943512,22965,42650
-0.04675293,1.00188,-0.1463623,-6.282806,67.13943,-6.420135,23941,43498
-0.05095215,0.9904785,-0.1445557,-6.15921,66.819,-6.502533,25110,43610
-0.05493164,1.001733,-0.1499023,-6.075287,65.38162,-6.886292,25350,43402
-0.05246582,1.024268,-0.153418,-6.130219,63.64059,-7.263947,24373,43178
-0.04160156,1.010034,-0.1485596,-5.84259,62.1254,-7.61795,24758,43114
-0.03774414,1.013867,-0.148584,-5.78537,60.61325,-8.106995,23845,43482
-0.03508301,0.9937744,-0.1389893,-5.841064,59.05533,-8.611298,24261,43722
-0.03945313,0.9907471,-0.1393799,-5.878448,57.48749,-8.891296,25606,43498
-0.03864746,0.988623,-0.1401123,-6.054688,55.88608,-9.140015,25318,43482
-0.04404297,0.9895508,-0.1371582,-6.134033,54.2244,-9.626007,25190,43818
-0.0435791,0.9855225,-0.1342773,-5.97229,53.0983,-9.926605,23317,43530
-0.04423828,0.9895996,-0.1331787,-5.886841,52.44141,-9.585571,23781,43626
-0.04619141,0.9905762,-0.1330322,-5.765533,52.50549,-8.840942,22021,43546
-0.04387207,0.9863037,-0.1326416,-5.661774,52.81601,-8.072662,23333,43962
-0.04567871,0.9974365,-0.1348877,-5.606079,52.68707,-7.830811,24245,43882
-0.0442627,0.9897461,-0.1321289,-5.644226,52.68021,-7.556152,24037,43722
-0.04550781,0.9871582,-0.1312744,-5.471802,52.29416,-7.246399,20757,43658
-0.04938965,0.9859131,-0.1274902,-5.35965,51.52206,-7.057953,19844,43482
-0.05170898,0.9828369,-0.1259277,-5.122375,50.58899,-7.084656,18612,43338
-0.04650879,0.9786621,-0.1282715,-5.091095,49.54987,-7.18689,21205,43338
-0.04587402,0.9792236,-0.1279053,-5.118561,48.26126,-7.28302,22789,43562
-0.04143066,0.98125,-0.1279053,-5.243683,46.79031,-7.61261,21269,42986
-0.03706055,0.9720459,-0.1231689,-5.256653,45.54901,-7.990265,20885,43434
-0.03725586,0.9748779,-0.1236572,-5.220795,44.42825,-8.240509,19172,43578
-0.04052734,0.9736572,-0.1231934,-5.139923,43.60046,-7.931519,20452,43146
-0.04384766,0.9769043,-0.1230713,-5.271912,42.40341,-7.913208,22085,43754
-0.04619141,0.9823242,-0.1286865,-5.332184,41.35361,-8.166504,21845,42570
-0.04033203,0.9841064,-0.1299316,-5.438232,40.6723,-8.52356,22453,44058
-0.03659668,0.9794189,-0.1262695,-5.500031,40.04059,-8.685303,22533,43578
-0.04099121,0.9769043,-0.1259766,-5.379486,39.49738,-8.506775,21589,43674
-0.04614258,0.9818848,-0.1281006,-5.274963,39.18152,-7.969666,21893,43674
-0.04907227,0.9806152,-0.1294678,-5.091095,38.81683,-7.279205,21477,44090
-0.04836426,0.9891113,-0.1318115,-5.112457,38.16223,-6.808472,21925,43658
-0.04846191,0.9876953,-0.1303711,-5.033112,37.43668,-6.708527,21317,43706
-0.04521484,0.9816162,-0.1267334,-5.00946,36.56311,-6.903076,20485,43530
-0.04836426,0.9880859,-0.1305176,-4.780579,35.89325,-6.361389,18676,43610
-0.04750977,0.9865723,-0.1272949,-4.530334,35.42252,-5.301666,19668,43722
-0.04978027,0.980249,-0.1272949,-4.150391,34.45663,-5.003357,16051,43850
-0.05285645,0.9874512,-0.1304443,-4.173279,33.2756,-5.059814,16147,42634
-0.05097656,0.9915771,-0.1286621,-4.141235,32.03278,-4.876709,16051,43322
-0.05090332,0.9890137,-0.1281738,-4.104614,30.6427,-4.912567,16708,43930
-0.05109863,0.9897217,-0.128833,-3.975677,29.48532,-4.789734,17540,42986
-0.05270996,0.9862793,-0.1262207,-3.859711,28.27301,-4.620361,18820,43530
-0.05466309,0.9831787,-0.1262207,-3.663635,27.03247,-4.170227,18100,44074
-0.05622559,0.9848633,-0.129248,-3.395844,25.81711,-3.544617,18980,44186
-0.05419922,0.9837646,-0.127832,-3.330994,24.43771,-3.373718,19492,43594
-0.05603027,0.987085,-0.1282227,-3.384399,22.68753,-3.870392,21301,43578
-0.05471191,0.9877686,-0.1276611,-3.491974,20.94803,-3.653717,20565,43722
-0.05732422,0.9864014,-0.1252441,-3.284454,19.18488,-3.143311,20468,43834
-0.06081543,0.9875732,-0.1262451,-3.076172,17.40189,-2.819824,20757,43610
-0.05854492,0.9841064,-0.123877,-2.762604,15.68222,-2.26593,19812,43562
-0.06235352,0.9819336,-0.1201416,-2.55127,13.83057,-1.873016,18596,43306
-0.06357422,0.9814209,-0.1202393,-2.175903,12.05978,-1.277161,15427,43786
-0.06105957,0.9836426,-0.1197998,-2.0401,10.19211,-0.7118225,16147,43610
-0.06240234,0.9843262,-0.1183838,-1.922607,8.346558,-0.365448,17588,43466
-0.06020508,0.9823975,-0.118042,-1.761627,6.641388,-0.1678467,17876,43194
-0.05981445,0.9825195,-0.1188232,-1.563263,5.176544,0.3898621,16676,43802
-0.0579834,0.9833252,-0.1185791,-1.390076,4.051208,0.9757996,15539,43786
-0.05515137,0.9826416,-0.120752,-1.194,3.112793,1.66626,16660,43418
-0.05009766,0.9836426,-0.1218262,-1.073456,2.105713,2.21405,17028,42842
-0.04787598,0.9852051,-0.123291,-1.094055,1.231384,2.463531,19876,42906
-0.04318848,0.9857666,-0.1240723,-1.094055,0.3799438,2.645111,21269,43066
-0.03913574,0.9865234,-0.125,-1.181793,-0.3585815,2.662659,22341,43738
-0.03806152,0.9851563,-0.1251465,-1.177216,-1.022339,2.53067,23781,42874
-0.03735352,0.9852783,-0.125,-1.137543,-1.741791,2.484131,24549,43034
-0.03552246,0.9866211,-0.1234375,-1.112366,-2.348328,2.411652,25158,43562
-0.03210449,0.9877441,-0.1250244,-1.181793,-2.818298,2.226257,25238,42938
-0.0310791,0.9875244,-0.124585,-1.223755,-3.113556,2.002716,26582,43466
-0.02929688,0.9889404,-0.1231201,-1.27182,-3.276825,1.724243,27158,43562
-0.03146973,0.9878418,-0.1222656,-1.290894,-3.211212,1.519775,26694,43194
-0.03276367,0.9869629,-0.1220947,-1.204681,-3.337097,1.465607,25782,43562
-0.03276367,0.9876709,-0.1224365,-1.180267,-3.526306,1.342773,25270,43082
-0.0324707,0.9873535,-0.1218018,-1.168823,-3.701782,1.161194,25174,43290
-0.03540039,0.9877197,-0.1218506,-1.078796,-4.036713,1.189423,23157,43818
-0.03986816,0.9862305,-0.1222412,-1.004791,-4.62265,1.393127,21829,43914
-0.02329102,0.9852295,-0.1225098,-1.048279,-5.046082,1.085663,21925,43466
-0.02739258,0.9859863,-0.1246826,-1.487732,-5.283356,0.009155273,23605,43338
-0.04291992,0.9827393,-0.126709,-1.617432,-7.244873,-0.9872437,24485,43242
-0.05678711,0.9797607,-0.1298096,-1.635742,-10.3775,-1.316833,24021,43978
-0.0621582,0.9755371,-0.1287598,-1.196289,-14.06937,-0.5653381,24485,42810
-0.105957,0.9634277,-0.1316406,-0.3990173,-21.08383,1.541901,26630,43594
-0.1494385,0.9571289,-0.1396973,0.8621216,-31.54831,5.08194,25110,43578
-0.1883301,0.9381836,-0.1420654,2.485657,-45.24536,10.01129,27110,43754
-0.2070801,0.9111572,-0.1421143,3.859711,-61.11221,15.30762,29447,42810
-0.1723633,0.9199219,-0.1492188,4.849243,-76.36795,17.72385,32567,42634
-0.1575928,0.9138428,-0.1523438,5.944061,-90.86533,18.17551,30247,43594