0.6233643,1.019897,-0.1168457,72.19925,42.96417,-10.81314
0.7172119,0.8883545,-0.09284668,72.51053,22.49069,-13.51471
0.7165771,0.7895996,-0.04916992,62.28867,-7.872772,-10.95123
0.6114258,0.7546875,0.008959961,45.99762,-36.64856,-3.367615
0.4266846,0.795459,0.07663574,32.3288,-54.68979,6.576538
0.2008789,0.8873535,0.1544189,22.18628,-58.48923,12.47711
-0.03708496,0.988501,0.2852051,12.84943,-48.28949,12.74872
-0.2084229,1.038647,0.4257568,2.333069,-32.58591,12.66022
-0.2938477,1.040405,0.5621338,-10.10971,-13.67798,16.72134
-0.2717773,1.035742,0.6155029,-22.52579,5.719757,23.93799
-0.153125,1.050806,0.5633789,-31.34537,21.01517,29.42123
0.01379395,1.07832,0.4564941,-39.85748,20.53299,27.08206
0.2215088,1.048584,0.3520264,-46.51566,22.55173,20.32776
0.4409912,0.9622803,0.2474609,-48.00873,15.58838,16.03317
0.632373,0.847168,0.1376465,-53.95355,0.006103516,15.07645
0.7562988,0.7476807,0.04472656,-64.93835,-24.43848,19.17114
0.7737061,0.7109131,-0.05373535,-76.32675,-52.59323,24.35074
0.6624023,0.7793213,-0.1056396,-81.90689,-75.41656,26.21078
0.4409912,0.9240417,-0.1196289,-75.03662,-85.71701,21.46912
0.1608887,1.094525,-0.1048096,-60.63385,-84.00269,12.31537
-0.1347412,1.232098,-0.04475098,-43.43338,-73.73962,2.990723
-0.3799805,1.319623,0.0480957,-17.76581,-48.6824,-2.884674
-0.5666992,1.369794,0.150293,13.4407,-17.77954,-8.605194
-0.658667,1.372919,0.2714844,38.7291,16.77628,-15.81879
-0.6599121,1.335516,0.4095459,59.49402,51.77612,-22.97516
-0.5800537,1.267499,0.5361816,74.44077,84.18732,-29.13895
-0.4178955,1.161371,0.6232178,79.74396,107.1503,-32.52563
-0.1458008,1.01181,0.6262207,76.66092,122.9942,-31.95496
0.1967529,0.8718018,0.562793,62.05521,122.7043,-26.75705
0.5214844,0.7884277,0.4736328,40.91721,105.9662,-19.9585
0.8079102,0.7633301,0.3508545,21.6095,82.99104,-16.74728
1.028418,0.7373535,0.2082031,4.693604,52.59552,-14.61258
1.149072,0.7044922,0.1204102,-11.98654,15.84091,-10.03876
1.11936,0.7020264,0.08522949,-27.79236,-17.10358,-3.982544
0.961377,0.7665039,0.06462402,-43.86902,-46.02814,1.161957
0.6985107,0.8926514,0.02285156,-54.78516,-70.98312,4.225159
0.3714844,1.057275,0.01608887,-53.20587,-81.9458,5.449677
0.01381836,1.192017,0.05871582,-40.67459,-79.35867,5.280304
-0.3062256,1.282812,0.0907959,-23.06366,-59.32617,4.084778
-0.53396,1.317749,0.1246826,-2.967834,-28.45764,1.715088
-0.6685547,1.304932,0.1798584,16.43372,0.7095337,0.2731323
-0.7227051,1.280151,0.2767578,31.76956,26.85394,-1.561737
-0.7115967,1.255688,0.367749,42.27448,46.93604,-5.019379
-0.5892822,1.222754,0.4107666,46.86127,64.04953,-10.08606
-0.3650391,1.14043,0.4187744,51.33133,78.22647,-14.27994
-0.05341797,1.026562,0.4052002,50.07858,87.79373,-14.18839
0.3187256,0.9017334,0.3224609,44.43359,87.45346,-10.3653
0.6568848,0.8212646,0.1995605,34.87625,75.31586,-5.992126
0.9133789,0.7471436,0.1306641,24.72916,48.77014,-3.167725
1.057446,0.6852783,0.09331055,11.13129,15.77072,-0.1937866
1.055005,0.6752197,0.08095703,-4.889679,-16.92047,2.684784
0.9130371,0.7222656,0.05981445,-19.767,-44.79828,5.488586
0.6784424,0.8175293,0.02683105,-28.49121,-56.76956,8.952332
0.3658691,0.9368164,0.001782227,-28.8208,-62.22916,12.83798
0.04650879,1.070068,-0.01921387,-24.07913,-58.87604,15.32059
-0.2300293,1.177832,-0.03430176,-12.48398,-45.83969,13.3934
-0.4261719,1.246484,-0.04152832,1.903534,-26.95313,6.502533
-0.4864502,1.257886,-0.06411133,16.922,-9.549713,-1.334381
-0.4449463,1.242676,-0.09433594,31.13785,2.082825,-6.732178
-0.3764648,1.208911,-0.07543945,48.23532,17.64603,-8.079529
-0.3034912,1.19209,-0.04399414,61.50436,25.06332,-7.949066
-0.1855469,1.17207,0.01391602,70.21332,31.71005,-11.78513
-0.004125977,1.102393,0.07773438,71.64764,30.75027,-17.03415
0.2077637,0.9868652,0.1454346,69.69376,28.6705,-19.4252
0.3760498,0.8607422,0.2390869,62.63733,25.98724,-18.62946
0.4992432,0.7611816,0.340918,44.79828,21.10291,-15.50369
0.5553711,0.7264404,0.4326416,19.67087,14.51797,-8.245087
0.5233398,0.7856201,0.4930908,-0.995636,12.13608,-1.179504
0.4333984,0.8989258,0.5086914,-19.93332,11.83853,0.2944946
0.4076416,0.9734863,0.4398193,-36.13052,14.91699,-3.743744
0.4831543,0.9593506,0.317334,-46.13876,17.36526,-3.568268
0.5575195,0.950708,0.1409424,-52.82059,16.98685,2.587891
0.5806885,1.000317,-0.04970703,-55.2681,9.370422,6.491852
0.5655029,1.08186,-0.22146,-53.85666,-5.718231,4.636383
0.5422852,1.151855,-0.3909912,-46.21582,-30.06668,-0.5500793
0.4609863,1.200537,-0.4990967,-28.11356,-58.73032,-5.838776
0.3052979,1.206616,-0.5116211,-4.101563,-81.76956,-13.51166
0.1157959,1.1552,-0.4195313,12.54425,-97.57309,-21.64917
-0.07106934,1.075781,-0.2592285,25.58365,-96.66595,-25.52567
-0.2852539,1.043555,-0.06352539,28.54691,-96.30662,-24.83368
-0.5084717,1.045532,0.1500732,26.1528,-79.34341,-28.32489
-0.6361816,1.002612,0.3612061,19.46487,-56.64825,-31.6864
-0.6435059,0.9335449,0.5244385,10.42786,-26.86462,-28.9856
-0.5356934,0.8899414,0.5975098,-0.8079529,1.400757,-20.43076
-0.3525635,0.9059326,0.5871582,-15.36713,29.66766,-11.15036
-0.09934082,0.9550781,0.4955322,-29.36707,52.53677,-6.122589
0.1869141,0.9948486,0.3467285,-41.90826,60.65674,-4.144287
0.4587646,0.9877197,0.1725342,-48.89603,54.6875,-2.389526
0.6772949,0.9428467,-0.0130127,-51.80435,37.20398,-0.5195618
0.8072754,0.8810059,-0.1648682,-50.46539,15.1474,0.7713318
0.834082,0.8355957,-0.2622314,-48.39706,-13.53149,5.101013
0.718335,0.8678955,-0.301123,-43.853,-42.78564,10.06775
0.4845703,0.9578857,-0.2810547,-37.98523,-61.71265,11.79047
0.1924561,1.046338,-0.209668,-29.12903,-66.28342,10.20813
-0.1117676,1.111084,-0.0951416,-16.31851,-60.79712,7.118988
-0.387085,1.139063,0.04567871,-3.58429,-43.8591,4.209137
-0.5881104,1.149707,0.1789307,8.398438,-16.9899,1.551819
-0.6939209,1.165283,0.3002441,14.89944,13.24234,-2.732086
-0.7009521,1.185034,0.4130615,18.76602,42.26608,-8.082581
-0.6100342,1.200366,0.4958008,20.60318,67.8978,-12.66708
-0.4388672,1.203784,0.5314453,21.43478,89.00909,-16.716
-0.1786133,1.168945,0.4943359,19.80438,106.691,-19.35959
0.130835,1.105225,0.4096191,18.26401,109.1332,-19.75098
0.424707,1.037647,0.3166504,15.46478,98.55499,-19.62662
0.6713135,0.9716553,0.2395508,10.25848,76.37482,-18.21671
0.8511719,0.90896,0.1621582,3.974152,47.49985,-15.74936
0.9449951,0.8561279,0.09033203,-3.942871,14.0213,-12.02087
0.9532471,0.8066895,0.01445313,-11.13434,-18.51196,-5.993652
0.8669922,0.7839844,-0.05512695,-18.14957,-51.14136,3.072357
0.6684082,0.8197754,-0.0951416,-21.03043,-75.12512,12.15591
0.3830566,0.9195557,-0.1091064,-16.97922,-87.55417,18.12057
0.05441895,1.029858,-0.09125977,-8.116913,-91.28418,17.95044
-0.2555176,1.097217,-0.05117188,1.09787,-84.68933,14.36768
-0.5073975,1.127075,0.01157227,9.203339,-68.21823,11.54175
-0.7008057,1.150488,0.07453613,18.17245,-41.92352,9.031677
-0.8227783,1.167261,0.141626,25.27771,-13.34076,5.882263
-0.8773438,1.17644,0.2424316,33.22601,17.64832,2.568817
-0.8570557,1.185742,0.3723877,35.93445,44.93179,-0.5142212
-0.7508545,1.179443,0.4653809,33.87985,76.48849,-5.216217
-0.525293,1.1229,0.4928467,29.05502,100.9377,-7.893372
-0.1950439,1.021094,0.4650146,18.17703,114.2685,-7.42569
0.1717773,0.9233643,0.4019043,5.528259,114.2807,-2.672577
0.4998779,0.8776611,0.3338135,-6.030273,103.9741,3.028107
0.7525391,0.8780762,0.242749,-16.79306,82.83386,6.099701
0.9496826,0.867041,0.1391113,-27.4765,53.35846,6.306458
1.078442,0.8329102,0.03977051,-35.68039,16.8457,8.236694
1.113843,0.8003174,-0.05078125,-43.03436,-20.06836,13.19122
1.021899,0.8121094,-0.1276367,-45.45441,-49.04556,18.39828
0.8106201,0.8835449,-0.164209,-44.75555,-74.62158,21.13342
0.5140137,0.9923584,-0.1664795,-41.15982,-94.07349,19.29779
0.1760498,1.095483,-0.1336182,-31.83899,-102.8778,16.26205
-0.1504395,1.179614,-0.07402344,-18.59665,-97.23739,14.33945
-0.4282227,1.25271,-0.01901855,-3.247833,-77.00195,12.23679
-0.6312012,1.303564,0.03723145,13.78708,-49.1127,6.855774
-0.7425049,1.313965,0.1081299,27.93579,-24.17068,0.2288818
-0.7755127,1.292383,0.2068848,41.65726,1.978302,-6.832123
-0.7212646,1.253882,0.2976074,49.50256,24.42093,-13.32321
-0.5674316,1.182764,0.3606201,52.90604,45.93964,-17.41714
-0.3214111,1.085474,0.3979492,50.65994,63.64212,-17.35535
-0.02597656,0.9838867,0.4043213,45.35217,73.8678,-12.53967
0.2767822,0.9119385,0.3703613,35.97641,73.38562,-8.184814
0.5631104,0.8466309,0.3112793,22.25647,61.3121,-6.060028
0.8071777,0.782251,0.2535645,7.932281,37.67853,-3.127289
0.9654297,0.733252,0.2121094,-8.553314,8.602142,2.199554
1.008472,0.7189697,0.180957,-20.39413,-15.32669,8.517456
0.9591797,0.7446289,0.1295166,-34.6611,-37.64114,13.71994
0.8195557,0.7929932,0.07514648,-47.36481,-56.84509,17.09824
0.5846436,0.8830811,0.03535156,-55.75104,-75.41275,19.89822
0.2713379,1.010547,0.02429199,-55.70221,-86.58905,21.50421
-0.04807129,1.138989,0.025,-50.56381,-83.75473,19.04907
-0.3171875,1.231494,0.02832031,-41.24146,-69.06662,13.77945
-0.5362061,1.298096,0.04116211,-26.56174,-47.51816,6.668854
-0.6807861,1.317407,0.06005859,-11.19385,-23.72055,-2.306366
-0.7413086,1.299731,0.09675293,5.070496,1.920319,-11.11755
-0.7285156,1.268384,0.1543945,15.74554,25.18845,-18.03284
-0.6433105,1.230737,0.2098145,22.39914,44.27185,-22.11761
-0.4708252,1.19314,0.236084,27.93808,61.52725,-24.52469
-0.2029541,1.125366,0.2261475,30.7869,76.9783,-26.68839
0.1250732,1.034424,0.183374,31.29425,82.48444,-26.30386
0.4384033,0.9637939,0.1348145,30.52444,72.91641,-24.35913
0.682251,0.9164307,0.10354,27.03781,51.67847,-22.70203
0.8612793,0.8616943,0.1015625,20.56351,27.73209,-20.57571
0.9523682,0.8083252,0.1125244,11.07559,1.776123,-16.83655
0.9524902,0.7604004,0.1270264,-1.998901,-26.53198,-10.2829
0.8612549,0.7346924,0.1140625,-15.99579,-50.95978,-1.722717
0.6684082,0.7714844,0.09975586,-28.03497,-67.25159,6.491089
0.3751465,0.8647217,0.09372559,-34.48792,-74.95575,13.3194
0.02937012,0.9954102,0.09660645,-33.47702,-75.9964,17.83142
-0.2946777,1.107568,0.08986816,-29.07715,-66.04309,17.41409
-0.5564697,1.172705,0.07932129,-22.29385,-44.37943,15.04745
-0.7325195,1.199316,0.06247559,-11.84082,-16.26968,12.9425
-0.8302734,1.219165,0.03664551,-0.02593994,9.958649,10.75974
-0.8576904,1.246289,0.01948242,13.8092,34.08279,6.642151
-0.7996338,1.266699,0.007836914,27.57492,57.33566,0.5912781
-0.663916,1.265747,0.03547363,41.29486,77.81448,-6.34079
-0.4608154,1.219873,0.1140137,52.38876,93.65845,-11.48758
-0.1912842,1.126489,0.1969971,55.84869,100.544,-14.50272
0.1333984,1.008398,0.2449463,48.38104,98.67096,-16.06903
0.4361328,0.9110596,0.2720215,37.52975,85.4538,-13.3522
0.6889893,0.8489502,0.283667,23.5199,63.99078,-9.294891
0.866626,0.8134277,0.2999756,6.347656,36.05499,-5.303192
0.9522949,0.8126465,0.3130859,-12.20245,6.08139,-0.2120972
0.9202393,0.8277832,0.3572754,-28.40042,-19.12842,5.643463
0.7906738,0.8531494,0.4038818,-41.84494,-35.42786,9.092712
0.6166992,0.8767334,0.3955078,-59.89456,-49.56741,9.876251
0.4158691,0.9026123,0.3010498,-74.25995,-62.08267,9.786224
0.2137207,0.9362549,0.1859131,-79.49982,-67.57813,13.07068
0.01030273,1.00957,0.06047363,-71.21811,-62.92343,19.51218
-0.1593994,1.117969,-0.08300781,-57.29218,-51.31912,20.70236
-0.2644043,1.206299,-0.2196045,-40.56473,-40.34729,14.98337
-0.2765625,1.236572,-0.3327148,-18.76221,-31.35529,8.254242
-0.2462646,1.222998,-0.3714111,6.974792,-22.71423,0.7904053
-0.1737549,1.198193,-0.3764893,28.21655,-16.53061,-6.530762
-0.07470703,1.145483,-0.3462402,38.75427,-20.27359,-10.81467
0.03383789,1.055737,-0.2570801,49.58496,-28.33023,-8.88443
0.1525391,0.9633301,-0.1164063,54.35257,-34.91592,-1.210785
0.2588623,0.905249,0.02998047,51.84402,-38.64288,5.146027
0.3339355,0.8617432,0.1741455,38.4819,-47.01538,9.536743
0.3679932,0.8069336,0.3247559,22.89581,-56.76117,14.38904
0.3135498,0.7975586,0.4926514,4.683685,-59.60999,21.9162
0.1524902,0.8571716,0.643042,-15.61737,-55.03769,29.63943
-0.04562988,0.9431274,0.7058838,-39.60724,-44.15512,33.82874
-0.1878418,1.015637,0.67146,-60.18753,-29.7554,38.59177
-0.2718018,1.08429,0.5441895,-68.52875,-9.189606,43.84384
-0.3317139,1.217322,0.3560059,-65.62805,16.19415,47.69821
-0.3571533,1.391858,0.1323975,-49.04938,43.84766,43.09769
-0.3015137,1.507922,-0.1049805,-25.00229,62.86469,29.75082
-0.1945557,1.525989,-0.2639404,4.76532,73.06137,11.59515
-0.0645752,1.472498,-0.3241211,33.2695,71.15097,-4.777527
0.07126465,1.358655,-0.3206787,56.58112,64.91852,-17.4736
0.1977783,1.203485,-0.2504639,69.80743,57.4913,-26.36566
0.3154053,1.03728,-0.1152588,77.67868,46.72318,-27.1347
0.3912109,0.89104,0.06018066,76.55334,34.6962,-24.86343
0.4342285,0.7953369,0.2563232,65.60516,21.96808,-20.49561
0.5081055,0.693042,0.4200439,44.59076,10.73303,-13.40103
0.6198975,0.5789551,0.4983398,22.19849,-0.3059387,0.4257202
0.6637207,0.5691895,0.5055176,-7.678223,-17.3996,19.40842
0.6709717,0.6435059,0.4225586,-32.82242,-28.76053,34.15451
0.6315186,0.7713867,0.2960205,-53.40118,-36.55167,43.21594
0.5533691,0.9099854,0.1588867,-63.14011,-46.89026,46.75598
0.4603516,1.037231,0.02758789,-62.09717,-60.46753,44.9173
0.3400635,1.124756,-0.07470703,-54.93927,-70.7634,37.30698
0.2049072,1.18042,-0.1419922,-42.96417,-75.54474,31.63147
0.04746094,1.235742,-0.1553223,-25.97809,-69.95392,26.92947
-0.1435791,1.320923,-0.1293457,-7.165527,-60.02274,19.52057
-0.3522705,1.395605,-0.03193359,3.372955,-47.1283,6.008911
-0.5009521,1.374341,0.1385986,18.2869,-20.90454,-10.02808
-0.6038086,1.288013,0.3560303,28.53699,8.694458,-21.30585
-0.6223145,1.143677,0.5470459,30.27725,43.52493,-27.42081
-0.5165771,0.9767578,0.6635498,22.91031,76.08948,-24.89243
-0.3146729,0.8680908,0.6669922,9.487152,106.1554,-13.85651
-0.03908691,0.8709961,0.5393799,-3.981018,126.0399,-0.08392334
0.2809082,0.9391357,0.31875,-14.19983,131.2698,6.001282
0.6036133,0.9949951,0.07106934,-19.16046,119.2901,4.944611
0.8857666,0.9956299,-0.1237549,-17.22794,93.99032,-0.302887
1.080615,0.9632813,-0.2492432,-10.54916,59.01947,-5.435944
1.159912,0.9309326,-0.3045898,-3.128052,17.80396,-8.94165
1.117407,0.9249756,-0.3047852,4.644012,-25.41351,-10.69641
0.9891846,0.9522461,-0.2491943,13.60092,-62.01477,-9.786224
0.7720947,1.018677,-0.1563477,19.09332,-88.61618,-10.14252
0.5065674,1.064087,-0.02727051,24.13788,-105.6931,-13.8588
0.2388428,1.052954,0.1322021,25.24109,-110.9344,-18.84613
-0.004711914,0.9986328,0.3042969,22.5296,-102.9701,-19.77615
-0.194043,0.9494873,0.4348145,16.72821,-86.37772,-15.67383
-0.3231934,0.9386475,0.4935303,9.706879,-63.22861,-10.16159
-0.3841064,0.9592773,0.4906738,0.9147644,-37.22458,-4.891205
-0.3654785,0.9929688,0.4259521,-7.814789,-11.53259,-0.617218
-0.2714111,1.013843,0.3194092,-15.74478,11.5448,2.690125
-0.1445313,1.019678,0.1871826,-21.22345,26.73645,4.047394
-0.002319336,1.005688,0.06437988,-20.84579,34.05228,3.726196
0.1331543,0.981543,-0.03137207,-20.10651,36.60736,2.375031
0.2499023,0.9525879,-0.09494629,-18.51959,33.96072,2.178955
0.3230957,0.9398193,-0.1253662,-15.46631,27.09427,1.359558
0.356665,0.9334717,-0.125,-13.71078,17.51404,0.3265381
0.3552246,0.929248,-0.0954834,-14.72168,7.380676,0.8071899
0.3355957,0.9148193,-0.05356445,-17.47284,-2.391815,3.082275
0.3037842,0.901123,-0.003198242,-21.66443,-11.21826,7.441711
0.2673096,0.8988037,0.0387207,-28.15094,-19.39468,12.51984
0.2338867,0.9163818,0.07175293,-35.78796,-26.40305,18.96515
0.2076172,0.9366699,0.1170166,-42.24854,-31.87027,24.16306
0.1890625,0.9534668,0.1508057,-45.30487,-34.08356,28.86887
0.17229,0.962085,0.1709717,-48.03085,-34.72519,34.28726
0.1866699,0.9770264,0.1845947,-51.69067,-37.91275,38.7001
0.19021,0.9776367,0.1984863,-55.78461,-39.24103,40.93857